0.08238563629376561
0.10860845756441725
0.1419675559933988
0.18075165698362752
0.22267038644331155
0.26570795334050196
0.3085883898434696
0.3506491457699612
0.3914478384456947
0.4305152328448631
0.4673919077551391
0.5018026738921803
0.5337537112932739
0.5634640652323628
0.5912057456738373
0.6171834598890091
0.6415208838040749
0.6643210340645881
0.6857210288272407
0.7058894206255116
0.7249764719923203
0.7430671841395142
0.7601765129324284
0.7762847033886608
0.7913790147581156
0.8054709865804345
0.8185860486607757
0.830748056234624
0.8419781696701321
0.8523102896412446
0.8618066101715169
0.8705564200680175
0.878656417326765
0.8861865812602104
0.8931984759393975
0.8997217898940246
0.9057805277671584
0.9114050190058626
0.9166341975063791
0.9215088384507143
0.9260646152197299
0.9303300109902478
0.934328473651711
0.938080933205182
0.9416060969993828
0.9449194979541246
0.9480336044478738
0.9509598945844344
0.9537120922530332
0.9563060861822169
0.9587567497438606
0.9610741965369417
0.9632628975076398
0.9653245994694273
0.9672626695390786
0.9690843353352924
0.9707991958563841
0.9724156618000673
0.9739387883398071
0.975371825165688
0.9767198970471236
0.9779935699970131
0.9792094295758781
0.9803869006561542
0.981543369097465
0.9826896561643209
0.9838269025514794
0.984944866190361
0.9860218529568279
0.9870274248106912
0.9879291547127955
0.9887030628978073
0.9893445203976774
0.9898744237348377
0.9903364071561228
0.9907830330260915
0.9912579069824978
0.9917787142043523
0.9923299634767608
0.9928690513252478
0.9933438345521858
0.9937147436700401
0.9939720727740006
0.9941406840784038
0.9942700287328405
0.9944123109636835
0.9946011371580308
0.9948389926237178
0.9951002493275541
0.9953478211393306
0.9955542630983449
0.9957157744743357
0.9958516866254632
0.9959904796834107
0.9961512816319388
0.9963322516524302
0.996511660803656
0.9966623081070847
0.996767929495709
0.9968323239834442
0.9968756939426082
0.9969212323735089
0.9969809922405927
0.9970500325974564
0.9971120219748756
0.9971518509940185
0.997166521036013
0.9971671599483364
0.9971706301306237
0.9971884745528381
0.9972193074460604
0.9972505821510277
0.9972678991678913
0.9972650760764128
0.9972479630885508
0.9972296861959169
0.9972211422387771
0.9972237442093661
0.9972294604394197
0.9972278738425638
0.9972141248263391
0.9971924645948241
0.9971729296860335
0.9971635971936709
0.9971648143552204
0.9971695331628156
0.9971691895825072
0.9971603836454004
0.9971472424670006
0.9971379212523578
0.9971382833395982
0.9971478265892689
0.997161231655012
0.9971729452479082
0.997182785199794
0.9971965944157175
0.9972222283837979
0.9972640524597157
0.9973201071046881
0.9973837955499292
0.9974483181039684
0.9975101358630901
0.9975689571636767
0.997624912230773
0.9976759822648681
0.997718431883
0.9977503725395588
0.997774585699527
0.9977994957281859
0.9978350850673304
0.9978870063759695
0.9979525401669345
0.9980210688237767
0.9980787130570521
0.9981142143189329
0.9981228238102381
0.9981067979022434
0.9980734034630168
0.9980323337179037
0.9979938018689637
0.9979669211509591
0.9979573633288443
0.9979657577041748
0.9979865829078722
0.9980098865553004
0.9980256964790915
0.9980290569336827
0.9980226136997716
0.9980148485107534
0.998014815045504
0.9980265985577201
0.9980469722700038
0.9980676235331214
0.9980805944653438
0.99808240018935
0.9980759763638362
0.9980683793457589
0.9980665446710965
0.9980738208072667
0.9980889715069038
0.9981076352676655
0.9981249408778161
0.9981377859083017
0.9981459010003085
0.9981515716097943
0.998158331266252
0.9981691245550842
0.9981848948090007
0.9982031644716158
0.9982194449025737
0.9982294078258671
0.9982313975830601
0.9982275936570144
0.9982228056298268
0.9982214519941817
0.9982246624468982
0.9982295566250097
0.9982313303350177
0.9982267580219891
0.9982166147425939
