0.023251387160961985
0.033855468812770594
0.046815355334633504
0.060972722117870755
0.07568122965893902
0.09102530672654909
0.1072635147831368
0.1242631197787871
0.1415009053915345
0.15851780935640694
0.17526325621639424
0.19195778968893631
0.20869659437985993
0.22526860699701443
0.24136328133721585
0.25690949210919006
0.272188646790121
0.287644884139514
0.30361321856935825
0.32021333249361617
0.33745359333047
0.3553867857122589
0.37412576888496996
0.39368123692714746
0.4137701520757833
0.43378825055432185
0.45299648781714985
0.4707934143924734
0.48689059814523566
0.5013100253633503
0.5142739573444152
0.526110557647312
0.5372023263903714
0.5479044934749316
0.5584067292918803
0.568651806329048
0.5784229203643848
0.5875400596788871
0.595987227826654
0.6038826249691109
0.6113473426220645
0.6183893514710931
0.6248801184608257
0.6306310333034865
0.6354986391385895
0.6394335982185089
0.6424619389835322
0.6446673272813056
0.6462115077017939
0.6473818066441149
0.6486318654231122
0.6505554943723377
0.6537719046119561
0.6587606974057595
0.6656972098776798
0.6743402072202438
0.6840173890402975
0.6937411487520083
0.7024680726425689
0.7094430545991821
0.7144884622312853
0.7180981390118687
0.7212544285695726
0.7250258627897964
0.7301244315901864
0.7366153680587062
0.7439210854173499
0.7511208185457353
0.7574239811108925
0.7625776610948007
0.7669789194264174
0.7714155007108588
0.7765849806438898
0.7826813198553407
0.7892988067686172
0.7957039749202471
0.8012928341546283
0.8059388275114445
0.809999351632276
0.8139965105075511
0.8182133750012458
0.8225006246848006
0.8264195554822487
0.8296000681963103
0.8320384344417963
0.8341149983836742
0.8363272319962162
0.8389453475098779
0.8418446646345323
0.844627980260638
0.8469323662042222
0.8486819322908743
0.8500985722426666
0.8514904078244813
0.8530035392511923
0.8545368055114757
0.8558811670474765
0.8569422846628862
0.8578444569103942
0.8588400712583758
0.8601079106976987
0.8616194567225546
0.8631966791840364
0.8646977417450205
0.866155193985014
0.8677468577622944
0.8696200297082775
0.8717251428401954
0.8738188560976866
0.8756326405574066
0.8770583138918372
0.8782065379827052
0.8792993224320942
0.8805060751902521
0.8818725174402011
0.8833789762315125
0.885042866708561
0.8869362804619987
0.8890942396246453
0.8913958363171014
0.8935512835482979
0.8952323173841898
0.8962672533440734
0.8967512924859448
0.8969912233379383
0.8973363753891587
0.898017403104861
0.8990850753939013
0.9004444226999455
0.9019247373019642
0.9033342579872801
0.9045004156035874
0.9053184890228682
0.9058122085650943
0.906151222298099
0.9065770669546833
0.9072648872367498
0.9082073844266457
0.9092151258381517
0.9100396383719863
0.9105424812393634
0.9107830632224233
0.9109616105371648
0.9112766392315768
0.9117992031784813
0.9124476938991023
0.9130629918203982
0.9135183974664738
0.9137873585043658
0.9139399899714683
0.9140956528105144
0.9143630718578728
0.9147877830572458
0.9153335160112366
0.9158995648854287
0.9163737802463603
0.9167054464476329
0.9169486892904156
0.9172333228247186
0.9176721490205569
0.9182719073511199
0.9189195592755048
0.9194608427635702
0.9198219742264386
0.9200709669410115
0.9203625552497317
0.9208165345361613
0.9214232844181691
0.9220523772373515
0.9225491312800927
0.9228414769732048
0.922969860550223
0.9230246048119716
0.9230654481356955
0.9230910198547413
0.9230767713674862
0.923043054932725
0.9230826552722332
0.9233198008624577
0.9238283458938907
0.9245765557854031
0.9254342427330657
0.9262300834442275
0.926830884403883
0.9271911311947169
0.9273527424750014
0.9274074220026816
0.9274486245402842
0.9275390260385272
0.9276987843799788
0.9279207289992079
0.9281865165985042
0.9284700656080844
0.9287319267075479
0.928922508313175
0.9290053749563979
0.9289904713110976
0.9289534331288292
0.9290085873774225
0.929235924294685
