0.5
0.6482412060301508
0.7964824120603016
0.9447236180904522
1.0929648241206031
1.241206030150754
1.3894472361809045
1.537688442211055
1.6859296482412063
1.8341708542713568
1.9824120603015076
2.130653266331658
2.278894472361809
2.42713567839196
2.5753768844221105
2.723618090452261
2.871859296482412
3.0201005025125625
3.1683417085427137
3.316582914572864
3.4648241206030153
3.613065326633166
3.761306532663317
3.9095477386934676
4.057788944723618
4.206030150753769
4.35427135678392
4.502512562814071
4.650753768844221
4.798994974874372
4.947236180904522
5.0954773869346734
5.243718592964824
5.391959798994974
5.540201005025125
5.688442211055277
5.836683417085427
5.984924623115578
6.133165829145728
6.281407035175879
6.4296482412060305
6.577889447236181
6.726130653266332
6.874371859296482
7.022613065326634
7.170854271356784
7.319095477386935
7.467336683417086
7.615577889447236
7.763819095477388
7.9120603015075375
8.06030150753769
8.20854271356784
8.356783919597989
8.505025125628142
8.65326633165829
8.801507537688442
8.949748743718594
9.097989949748744
9.246231155778894
9.394472361809044
9.542713567839195
9.690954773869347
9.839195979899497
9.987437185929648
10.135678391959798
10.283919597989948
10.4321608040201
10.58040201005025
10.728643216080402
10.876884422110553
11.025125628140703
11.173366834170855
11.321608040201005
11.469849246231156
11.618090452261306
11.766331658291456
11.914572864321608
12.062814070351758
12.21105527638191
12.359296482412061
12.507537688442211
12.655778894472363
12.804020100502512
12.952261306532664
13.100502512562814
13.248743718592964
13.396984924623116
13.545226130653267
13.693467336683417
13.841708542713569
13.989949748743719
14.13819095477387
14.286432160804022
14.434673366834172
14.582914572864322
14.731155778894472
14.879396984924623
15.027638190954775
15.175879396984925
15.324120603015075
15.472361809045225
15.620603015075377
15.768844221105528
15.91708542713568
16.065326633165828
16.213567839195978
16.36180904522613
16.510050251256285
16.65829145728643
16.80653266331658
16.95477386934673
17.103015075376884
17.251256281407034
17.399497487437188
17.547738693467334
17.695979899497488
17.844221105527637
17.99246231155779
18.14070351758794
18.288944723618087
18.43718592964824
18.58542713567839
18.733668341708544
18.881909547738694
19.030150753768847
19.178391959798994
19.326633165829147
19.474874371859297
19.62311557788945
19.771356783919597
19.919597989949747
20.067839195979897
20.21608040201005
20.3643216080402
20.512562814070353
20.6608040201005
20.809045226130653
20.957286432160803
21.105527638190956
21.253768844221106
21.402010050251256
21.550251256281406
21.69849246231156
21.84673366834171
21.994974874371863
22.14321608040201
22.291457286432163
22.439698492462313
22.587939698492463
22.736180904522612
22.884422110552762
23.032663316582912
23.180904522613066
23.329145728643216
23.47738693467337
23.625628140703515
23.77386934673367
23.92211055276382
24.07035175879397
24.218592964824122
24.36683417085427
24.515075376884422
24.66331658291457
24.811557788944725
24.959798994974875
25.108040201005025
25.256281407035175
25.40452261306533
25.55276381909548
25.701005025125628
25.849246231155774
25.997487437185928
26.145728643216078
26.29396984924623
26.44221105527638
26.590452261306535
26.73869346733668
26.886934673366834
27.035175879396984
27.183417085427138
27.331658291457288
27.479899497487438
27.628140703517587
27.77638190954774
27.92462311557789
28.072864321608044
28.22110552763819
28.369346733668344
28.51758793969849
28.665829145728644
28.814070351758794
28.962311557788944
29.110552763819094
29.258793969849247
29.407035175879397
29.55527638190955
29.703517587939697
29.85175879396985
30.0
