0.01877773011883308
0.025930900669073775
0.035694467461582634
0.04798821576815266
0.062468696185255544
0.07870783956013944
0.09634552246291532
0.11510837684929416
0.13473273613290507
0.15490427106072935
0.17528064952178277
0.1955705324935971
0.21559347705590917
0.23527234009161893
0.25457522901145546
0.27346251998918714
0.291878167564845
0.3097789497023905
0.3271649560092092
0.3440819164610878
0.36059655057566303
0.3767689640898783
0.39264339762344436
0.4082584278688108
0.4236605530553065
0.43890486388915523
0.45404029687790803
0.46909107449232623
0.4840483774180094
0.49887677931448016
0.5135284350710767
0.5279543176735462
0.5421076027707885
0.5559425397913035
0.5694150204041004
0.5824869764657399
0.5951308393074718
0.6073291334469656
0.6190684941736397
0.6303331165783566
0.6411035010842665
0.6513619060705144
0.6611002135119181
0.6703242072180752
0.6790509278800984
0.6873017654989556
0.6950966197081764
0.7024529993254595
0.7093894799388633
0.71592958377343
0.7221025219079814
0.7279404344688462
0.7334747032886978
0.738733930107055
0.7437442408462278
0.7485305680948361
0.7531171745584202
0.7575269716420956
0.7617806565573733
0.7658969111532778
0.7698938121456731
0.7737904626738903
0.7776076444095285
0.7813669265758822
0.7850885408664537
0.7887886881623479
0.7924767913926173
0.7961532248764186
0.7998085531464219
0.8034256981926103
0.806985908060821
0.8104776574229982
0.813905390213598
0.8172938641888796
0.8206847108256702
0.8241249726322208
0.8276518254617099
0.8312786348830068
0.8349888009367927
0.8387404905058253
0.8424811380716768
0.8461663656331418
0.8497756386264095
0.8533178077083504
0.8568237487132807
0.8603291880327831
0.8638557829222878
0.8673997614501644
0.870934169718478
0.8744219078333808
0.8778349497465722
0.8811665835711617
0.8844307719882746
0.887649541615862
0.890836175311773
0.8939844726616523
0.8970708069898555
0.900064914358021
0.9029470257040616
0.9057158745941819
0.9083856144267607
0.9109739012941249
0.9134891797624102
0.9159258315508882
0.9182673935150283
0.920499978766275
0.9226213960676312
0.9246427874254164
0.9265814554252807
0.9284499950363814
0.9302493673692688
0.9319702514393916
0.9336007686360136
0.9351371252411136
0.9365867435789567
0.9379641399884584
0.9392822853290735
0.9405458976098156
0.9417513943643604
0.9428931445453389
0.943971041356659
0.9449937698789638
0.9459750838379675
0.9469262544698684
0.9478512581890125
0.9487468164800611
0.9496080748353912
0.9504350335928446
0.9512347875226099
0.9520180680249761
0.9527930281921456
0.9535612097982035
0.9543187411188638
0.9550616228320242
0.9557908146572355
0.956513506004767
0.9572383451635197
0.9579711944273182
0.9587118732172597
0.9594556508350884
0.9601975311627999
0.9609357024095797
0.9616716268100346
0.9624073112868354
0.9631426836698722
0.9638757537512073
0.9646056506458808
0.9653360077717278
0.9660752712052985
0.9668323794214434
0.967612175170515
0.9684110377683532
0.9692172705082968
0.9700155285098863
0.970792536684713
0.9715409849656784
0.9722602235274059
0.97295466693766
0.973631526526168
0.9742978949338873
0.9749607021348553
0.9756241061354398
0.9762874324249554
0.9769442959788603
0.9775843535450206
0.9781976378951417
0.9787795461653283
0.9793331849822166
0.9798665302142942
0.9803886559742846
0.9809035835633974
0.9814080551790676
0.9818938110806695
0.9823527384640763
0.9827815436528845
0.9831832279765346
0.9835652770704305
0.9839340267365325
0.9842932401520915
0.9846423770303141
0.9849779954079874
0.9852962213621518
0.9855948723127269
0.9858744355379807
0.9861378053952623
0.9863890766900731
0.9866318530586569
0.9868679020123293
0.9870953073162414
0.9873106721165774
0.9875108087440873
0.987695265224751
0.9878674838614192
0.9880335663930573
0.9881991728906536
0.9883665093015411
0.9885334963313702
0.9886958022208799
0.9888503824939784
0.9889980177619648
