0.09783558856346283
0.13316268181974847
0.17121377795928575
0.20700415589801424
0.2387395132779478
0.267478180544044
0.29462522577288636
0.3202964148011259
0.3436198876163875
0.36398396320334736
0.3818061034934396
0.39822492630534573
0.4142208986357006
0.43005882481266017
0.4454384015657105
0.46003385299277716
0.47384373693698933
0.4870608371322075
0.4997030470643962
0.5114722785751488
0.5219965955534044
0.5311597383907398
0.5391816679859457
0.5464550529902277
0.5533647576828971
0.5602588967493998
0.5675361684495911
0.5756853936862721
0.5851494245157295
0.5960713603252739
0.6081394701076415
0.6206977425508782
0.6330703550024356
0.6448558946344048
0.6559820633878533
0.6665576668429614
0.6767097621322729
0.6865048631814588
0.6959234182630121
0.7048560736894574
0.7131366084801167
0.7205950586154274
0.7270943554908168
0.7325424148085037
0.7368683058799274
0.7399748465598305
0.7417379483884139
0.742091924182266
0.741169167736623
0.7393777158029401
0.7373653920970408
0.7358822668227559
0.7356184875552314
0.737069371734097
0.7404280316966418
0.7455002425360151
0.7516666778322323
0.7579754914706001
0.7633932380829651
0.7671770445922733
0.7692068552475505
0.7700888914294192
0.7709320843037746
0.7728841179320923
0.776642933648538
0.7821732871456242
0.7887428230678473
0.7952721543985233
0.8008325608883323
0.8050670639383373
0.808303817245784
0.8112966024089197
0.814741683384636
0.8188546187787797
0.8232697845843454
0.8273169221189406
0.8304883161669847
0.8327933804110318
0.8347487082071152
0.8370269642229702
0.8400145624407976
0.8435849828044887
0.8472352438534873
0.8504578384508543
0.8530767211062781
0.8553082099812886
0.857521585491037
0.8599152023221692
0.8623592969932281
0.8645246077072678
0.8661749581375655
0.8673743041950901
0.8684459182552914
0.8697113924222262
0.8712380907614119
0.8727893922949427
0.874021446518984
0.874754842671183
0.8751032279394549
0.875365552737184
0.8757840507245521
0.8763807319199968
0.8769905049231536
0.8774516835848406
0.8777661215478971
0.8780990848684647
0.8786176060420533
0.8793318526918851
0.8800725661305089
0.8806321286196033
0.8809296230941708
0.8810730144638002
0.8812704950429618
0.8816997762924126
0.8824406423450765
0.883520117092585
0.8849824267444089
0.8868876617397394
0.8892210043323745
0.8917933069326416
0.8942576385243658
0.8962538312402858
0.8975978912393179
0.898373932589827
0.8988629905310741
0.8993769422276162
0.9001126637822356
0.9011098986983763
0.9022996875109924
0.9035619235268126
0.9047594598308566
0.905753928327737
0.9064498012811925
0.906864890492424
0.9071616135348912
0.9075878938333819
0.9083275471816823
0.9093714665674845
0.9105061747749945
0.9114456643235972
0.9120205656146297
0.9122802824600319
0.9124461799024989
0.9127467950200109
0.9132716229701202
0.9139337706293851
0.9145490621206899
0.9149642472269213
0.9151358192008128
0.915136294208433
0.9150935336603188
0.9151239330134634
0.9152816701761756
0.9155422433565734
0.9158237382106243
0.9160342078758905
0.9161350368460847
0.916170879614977
0.9162493660801126
0.9164623076492497
0.9168162768807177
0.917223409985472
0.917572591618669
0.9178298152345885
0.9180774856510865
0.9184625713808818
0.9190800025507925
0.919896021029839
0.9207666216935718
0.9215357869512157
0.9221370041577457
0.9226104712974798
0.9230419872034341
0.9234764996012991
0.9238855888161035
0.9242136073839242
0.9244488408672425
0.9246634336060309
0.9249790820472358
0.9254864306155814
0.926181001817614
0.9269504735004797
0.9276301695762189
0.9280814262147022
0.9282533819592633
0.9281986417268321
0.9280350445769315
0.9278894568905364
0.9278430140498886
0.9279161958204469
0.9280845985406683
0.9283070987825924
0.9285472332263869
0.9287693293950922
0.9289377815947676
0.9290242045666258
0.9290375769145865
0.9290408614893437
0.92912775767285
0.9293651423280042
