2.753032927628342175e-01
3.473500154234726023e-01
4.311790668223610123e-01
5.186316368527096321e-01
6.020442812537789568e-01
6.767390010458833594e-01
7.413332313792173611e-01
7.963273008045159695e-01
8.425646098867002332e-01
8.805963770442253313e-01
9.108833092748076510e-01
9.341922663192239185e-01
9.516817610013634798e-01
9.646343751499828478e-01
9.741258050310014349e-01
9.808946534115646765e-01
9.854441907164607217e-01
9.882215208938176509e-01
9.897122879315211064e-01
9.904112645391660585e-01
9.907330321569329801e-01
9.909514740675874345e-01
9.912063746775511275e-01
9.915526694268842478e-01
9.919999831793547829e-01
9.925133834918024034e-01
9.929965690827794456e-01
9.933029798396458832e-01
9.932968637168009263e-01
9.929403357930581819e-01
9.923512982043940500e-01
9.917890052947481161e-01
9.915625867033475149e-01
9.919017936482203979e-01
9.928506426885199687e-01
9.942335285957457636e-01
9.957116996186529123e-01
9.969099639347741570e-01
9.975627703631861909e-01
9.976167764439263230e-01
9.972418693452800298e-01
9.967428409643229736e-01
9.964135277864619722e-01
9.964063870861253891e-01
9.966831090799249671e-01
9.970688582141895573e-01
9.973725997594283799e-01
9.975005425047325236e-01
9.974958864961579463e-01
9.974874490890474066e-01
9.975894255297141910e-01
9.978225515139571566e-01
9.981070695527478609e-01
9.983246713901655633e-01
9.984004010513810590e-01
9.983461392769131804e-01
9.982400587192644670e-01
9.981639476416512835e-01
9.981488797493565102e-01
9.981672213221832735e-01
9.981714145337262645e-01
9.981445752477275946e-01
9.981219812735643293e-01
9.981677271390517747e-01
9.983257796396389772e-01
9.985826101532478960e-01
9.988678597585057828e-01
9.990907394209718184e-01
9.991859984802157202e-01
9.991407777339555984e-01
9.989907826569907057e-01
9.987963177655132530e-01
9.986178636825594479e-01
9.985033474413539389e-01
9.984849403509737931e-01
9.985757722526831248e-01
9.987620762420064136e-01
9.989978184609256129e-01
9.992132226575678455e-01
9.993409489336297913e-01
9.993488212909804602e-01
9.992583132113594946e-01
9.991340516169781028e-01
9.990479770479265831e-01
9.990395637349391844e-01
9.990970585839212825e-01
9.991710214992163275e-01
9.992099134703410490e-01
9.991936222481044849e-01
9.991437542857376508e-01
9.991061845086681714e-01
9.991197945177440198e-01
9.991928906192281135e-01
9.993007735022372273e-01
9.994032041014432322e-01
9.994679661551287841e-01
9.994854402771339297e-01
9.994673363253527842e-01
9.994338896826805430e-01
9.993999367674021306e-01
9.993689010700120834e-01
9.993368697168384385e-01
9.993021165542226303e-01
9.992725164220311873e-01
9.992652789331466501e-01
9.992984529322812559e-01
9.993787725198469696e-01
9.994930142024256448e-01
9.996090171178150241e-01
9.996875117753323270e-01
9.996999331155006496e-01
9.996430177966638686e-01
9.995417785150308987e-01
9.994383930797899884e-01
9.993726601608838855e-01
9.993645827430112094e-01
9.994082659949977687e-01
9.994793142259509322e-01
9.995495047830084134e-01
9.995998025686813060e-01
9.996250011180205508e-01
9.996302509308641060e-01
9.996244962157418978e-01
9.996159837547069493e-01
9.996110011326226896e-01
9.996136866501673657e-01
9.996244768504735090e-01
9.996380182894966104e-01
9.996438670274025995e-01
9.996321257886039424e-01
9.996016039723771840e-01
9.995643715482654956e-01
9.995415942569065848e-01
9.995515944834797439e-01
9.995976149471680339e-01
9.996641473728273830e-01
9.997252487459106218e-01
9.997595803670021875e-01
9.997618158479852912e-01
9.997426912493798667e-01
9.997185161853656687e-01
9.996987809935549141e-01
9.996814746576944133e-01
9.996591739848814662e-01
9.996301684984847391e-01
9.996048206065202280e-01
9.996011683569664408e-01
9.996323905369364216e-01
9.996953520501630219e-01
9.997690250109972920e-01
9.998246038637305100e-01
9.998409585111232012e-01
9.998155857533359558e-01
9.997646599378706700e-01
9.997130936401276147e-01
9.996814564987340779e-01
9.996773695289117301e-01
9.996950650629990998e-01
9.997214189533989437e-01
9.997438205943958156e-01
9.997555588074391597e-01
9.997570903450336832e-01
9.997539404144498709e-01
9.997531921634960073e-01
9.997600837117959216e-01
9.997757085817841061e-01
9.997963845680040151e-01
9.998149395145456975e-01
9.998236440802497071e-01
9.998176961059968004e-01
9.997976469638049091e-01
9.997695755824014263e-01
9.997428641299117569e-01
9.997266655432638371e-01
9.997266869322668503e-01
9.997434436434472493e-01
9.997724905865299494e-01
9.998061663253301479e-01
9.998361347732366289e-01
9.998558656367404485e-01
9.998622959185835546e-01
9.998561131262979629e-01
9.998406484594528632e-01
9.998200965258717821e-01
9.997981931763083585e-01
9.997781670188641279e-01
9.997636442128223777e-01
9.997591697560436197e-01
9.997689842938101146e-01
9.997940747713054410e-01
9.998294055078785769e-01
9.998639664242711111e-01
9.998849129141326175e-01
9.998841790952707198e-01
9.998636063152909204e-01
9.998348049910334989e-01
9.998130611414389746e-01
9.998086470725279229e-01
9.998209441884337023e-01
9.998393410130569370e-01
