3.304179453868441585e-01
4.215124912566514115e-01
5.044108238839986047e-01
5.668862257226942036e-01
6.097093817077778866e-01
6.405621618698140729e-01
6.653317376734043664e-01
6.851774895738129700e-01
6.990602828449192785e-01
7.070652164888867608e-01
7.110136750541677930e-01
7.128105072928524466e-01
7.131835198266346376e-01
7.121138875042012373e-01
7.100322728069725642e-01
7.082620329187055974e-01
7.085257381216943928e-01
7.123445358149685935e-01
7.207587994250996832e-01
7.342909756845169555e-01
7.530269864913309297e-01
7.766030551632588930e-01
8.037671488771868100e-01
8.317183161536841896e-01
8.560481817587255460e-01
8.719140878755422541e-01
8.761377491903425963e-01
8.690614559945352147e-01
8.548612245392737119e-01
8.399251661371438527e-01
8.302379550783433038e-01
8.291753241865144064e-01
8.365514883660040146e-01
8.491025552286072253e-01
8.622175545392367635e-01
8.722698752201928363e-01
8.783679341149877029e-01
8.823693970527975994e-01
8.871160413354236551e-01
8.942105019789280407e-01
9.029168263534127492e-01
9.108218738423640159e-01
9.156447482018542638e-01
9.168048941582047640e-01
9.155679551195350374e-01
9.138009826073369979e-01
9.125311531588624625e-01
9.115453990787104610e-01
9.102246637704138887e-01
9.087188388122563465e-01
9.083233232678052937e-01
9.107119350658331447e-01
9.166938816803656964e-01
9.254884653460149213e-01
9.350132886024072887e-01
9.429186390927811745e-01
9.476420418488759045e-01
9.488454175669948087e-01
9.471675408681635711e-01
9.437489551874360671e-01
9.399333840054950873e-01
9.370985578544150929e-01
9.363576218219767933e-01
9.380980044788419514e-01
9.416732217775961589e-01
9.456162748357412884e-01
9.484387338914354038e-01
9.495623979574435714e-01
9.496827899609611157e-01
9.502264713198116386e-01
9.522915609145475857e-01
9.558540337767611472e-01
9.597920432204846142e-01
9.626606870471998700e-01
9.636206779410813050e-01
9.628570962674070088e-01
9.612648329587317741e-01
9.597577702823660850e-01
9.587696941562415809e-01
9.582561142552437072e-01
9.580630818016753203e-01
9.582763087401022783e-01
9.592609703909897867e-01
9.613839796949068539e-01
9.646401675750216897e-01
9.684545206202949119e-01
9.718207956893427646e-01
9.737396343064166349e-01
9.737300582744733424e-01
9.721120149785911213e-01
9.698655580248373154e-01
9.681299441877420087e-01
9.676349109009546590e-01
9.683977556330469749e-01
9.698434752050486551e-01
9.712359999536335220e-01
9.721161754876008754e-01
9.724746479491638285e-01
9.726167081256551494e-01
9.729013164039382877e-01
9.735627823317373197e-01
9.746743221380665956e-01
9.761658122363370271e-01
9.778077712220676343e-01
9.791962090757571069e-01
9.798567336080378221e-01
9.795009716331330996e-01
9.782748888295165202e-01
9.767636903107019819e-01
9.756808745181630993e-01
9.754482805348009267e-01
9.759925935424776933e-01
9.769172116484849955e-01
9.778913973687400896e-01
9.789058265107694057e-01
9.801642399056781363e-01
9.817239907656656328e-01
9.832429127856631146e-01
9.841104039086292499e-01
9.838925875091921736e-01
9.827209905196374606e-01
9.812793847670712166e-01
9.803786987367916206e-01
9.804464707222605435e-01
9.813047670598358252e-01
9.823659815175858068e-01
9.830617717871207306e-01
9.831852452042060264e-01
9.829403251204433811e-01
9.827341343509542471e-01
9.829065530895229053e-01
9.835692916261684626e-01
9.845980096788209401e-01
9.857199053393569388e-01
9.866260795804856487e-01
9.870720233131948795e-01
9.869554731190685049e-01
9.863549432638115677e-01
9.855054286910462924e-01
9.847103824034982855e-01
9.842277366678794381e-01
9.841886070029745026e-01
9.845812874749865218e-01
9.852910454773416982e-01
9.861613030335190100e-01
9.870436651044462995e-01
9.878222730152501629e-01
9.884152940891443029e-01
9.887648472300577529e-01
9.888307373842004644e-01
9.886039478256050117e-01
9.881418430196563518e-01
9.875989292731390812e-01
9.872055956048334524e-01
9.871701028386108412e-01
9.875435639128391507e-01
9.881481283445530117e-01
9.886529643909967024e-01
9.887844818611766229e-01
9.885346131012302529e-01
9.882009102918954957e-01
9.881996471340004362e-01
9.887693194093706284e-01
9.897801262205423445e-01
9.907969591012513177e-01
9.913560205384620572e-01
9.912545074400256340e-01
9.906465235926890101e-01
9.898969468869240895e-01
9.893303764492458185e-01
9.890717462142180061e-01
9.890695648376544025e-01
9.892323547812551521e-01
9.895326236085877358e-01
9.899930203912259419e-01
9.905955902756794496e-01
9.912248867466232349e-01
9.917115494197755732e-01
9.919381631232740970e-01
9.919097683570766710e-01
9.917295136476079742e-01
9.915121055266175043e-01
9.913198041292994311e-01
9.911703344240622160e-01
9.910854023804130941e-01
9.911086333009188065e-01
9.912633659861452839e-01
9.914965905923829315e-01
9.916841981713040433e-01
9.917188760323949470e-01
9.916156599509553526e-01
9.915357451397243116e-01
9.916874764482435101e-01
9.921672574999916838e-01
9.928610352108868664e-01
9.934869163130365388e-01
9.937562162925936970e-01
9.935448184431313612e-01
9.929630373406759247e-01
9.922869549578477999e-01
