3.966684032253829650e-02
5.776037561079083726e-02
7.969482781385917036e-02
1.035589661406255690e-01
1.285124398843087434e-01
1.549766589777318571e-01
1.834907595054562357e-01
2.137225944379025355e-01
2.446156085055500862e-01
2.752950279514134735e-01
3.055734333762986088e-01
3.355592568600657133e-01
3.650625549106480960e-01
3.936082560867292801e-01
4.210028592064860575e-01
4.477143405027773082e-01
4.747108761590785875e-01
5.030936291923616688e-01
5.338241697313955703e-01
5.675835918301032068e-01
6.047319831504915921e-01
6.452202909809174880e-01
6.881533980358954805e-01
7.311167591147563760e-01
7.699984969178030880e-01
7.999920593836385985e-01
8.176256229960785493e-01
8.227365197281556464e-01
8.190267843797465197e-01
8.126486554034431098e-01
8.096420527981879056e-01
8.136390433601126126e-01
8.247733816920238548e-01
8.400623270034777157e-01
8.551010812803276906e-01
8.664083632832226822e-01
8.732084521756745543e-01
8.774666258610436254e-01
8.821290439256526117e-01
8.888990192267683943e-01
8.971394378733741348e-01
9.045344959678531804e-01
9.088907360924587397e-01
9.096911368012506882e-01
9.082342415721698092e-01
9.063972706032551452e-01
9.052093456121873549e-01
9.044578841724578711e-01
9.035176986644034569e-01
9.025183553370339506e-01
9.027221218720566931e-01
9.057674105800277431e-01
9.124355095281002637e-01
9.219261666078579776e-01
9.321392034989394171e-01
9.407023898722242095e-01
9.460254492150425021e-01
9.477422333111402697e-01
9.464688417736307757e-01
9.433316799598829849e-01
9.396689373059375905e-01
9.368598988614593726e-01
9.360241007939271718e-01
9.375587071905717718e-01
9.408299247202750459e-01
9.443874253871163971e-01
9.467640261523430079e-01
9.474053487727582823e-01
9.470295231767124067e-01
9.470815763803522858e-01
9.486753525406417253e-01
9.518035765326398057e-01
9.553643231393512680e-01
9.579333556888142143e-01
9.586868873380106626e-01
9.578165358530172924e-01
9.562151553170719076e-01
9.547900821990857878e-01
9.539676845702529384e-01
9.536957547856259598e-01
9.538106471154776944e-01
9.543852521767981489e-01
9.557695894607818321e-01
9.583151669960610075e-01
9.620027886343752721e-01
9.662448594309945848e-01
9.700229161210731643e-01
9.723248214991211391e-01
9.726565811613500090e-01
9.713264390665852233e-01
9.693057722838602785e-01
9.677289865825936532e-01
9.673244839739114642e-01
9.681108833550486903e-01
9.695166813098787806e-01
9.708114057983823209e-01
9.715434629094069630e-01
9.717127855676259696e-01
9.716349501705057179e-01
9.716796767683626435e-01
9.720921751217243001e-01
9.729564755416558741e-01
9.742129651904101184e-01
9.756421491200130136e-01
9.768495180313505610e-01
9.773690545725871592e-01
9.769185987650366165e-01
9.756472896134125161e-01
9.741399121605675004e-01
9.731071846270501480e-01
9.729672763179804118e-01
9.736430745000222986e-01
9.747336089620579624e-01
9.759022845334381913e-01
9.771321853511798494e-01
9.786185291929988539e-01
9.804102856085286088e-01
9.821574627141674840e-01
9.832419330804360591e-01
9.832223633154792974e-01
9.822232773736127021e-01
9.809226978220458859e-01
9.801276218132318752e-01
9.802634777735137472e-01
9.811517433607085392e-01
9.822055457298020098e-01
9.828586050137303465e-01
9.829074234409267419e-01
9.825604379539699673e-01
9.822300893143345313e-01
9.822621015116276277e-01
9.827744236756879026e-01
9.836492657459042777e-01
9.846205375325781661e-01
9.853859464441151461e-01
9.857071160361566831e-01
9.854870286192017881e-01
9.848081981138666618e-01
9.839081937022025048e-01
9.830916746586443322e-01
9.826166352907893531e-01
9.826133350870243088e-01
9.830684127482627321e-01
9.838646714896488454e-01
9.848422596917009164e-01
9.858487222377565473e-01
9.867634881736703223e-01
9.874995650270316228e-01
9.879937037566353109e-01
9.882003717080584115e-01
9.881054655799830222e-01
9.877617213417929642e-01
9.873196749742959577e-01
9.870065777035295085e-01
9.870284925751799943e-01
9.874352794448010284e-01
9.880487758202125548e-01
9.885387443001620866e-01
9.886331044775886756e-01
9.883261364958196848e-01
9.879184164641058308e-01
9.878297010741220463e-01
9.883023151128977890e-01
9.892106435232227435e-01
9.901241100619858626e-01
9.905835826575085656e-01
9.903906437487648429e-01
9.897030767461058032e-01
9.888886221762808182e-01
9.882740160953566999e-01
9.879857697285455709e-01
9.879734105579018877e-01
9.881457651225885597e-01
9.884748063762290871e-01
9.889819014706675571e-01
9.896471650968763356e-01
9.903527393468875006e-01
9.909263906390317622e-01
9.912473706381529359e-01
9.913170600547513978e-01
9.912348282282379408e-01
9.911117197075919316e-01
9.910066133310218017e-01
9.909342288336314697e-01
9.909137218210808395e-01
9.909867066536287572e-01
9.911751200804962414e-01
9.914251956366819662e-01
9.916127228497643165e-01
9.916309422160670684e-01
9.914960641195791347e-01
9.913710151517379776e-01
9.914663092758621010e-01
9.918808853924315772e-01
9.925035448802143057e-01
9.930555140145066462e-01
9.932513666854858592e-01
9.929701621967207403e-01
9.923250447395486340e-01
9.915944961296830895e-01
