5.000000000000000000e-01
6.482412060301507850e-01
7.964824120603015700e-01
9.447236180904522440e-01
1.092964824120603140e+00
1.241206030150753925e+00
1.389447236180904488e+00
1.537688442211055273e+00
1.685929648241206058e+00
1.834170854271356843e+00
1.982412060301507628e+00
2.130653266331658635e+00
2.278894472361808976e+00
2.427135678391959761e+00
2.575376884422110546e+00
2.723618090452261331e+00
2.871859296482412116e+00
3.020100502512562901e+00
3.168341708542713686e+00
3.316582914572864471e+00
3.464824120603015256e+00
3.613065326633166041e+00
3.761306532663316826e+00
3.909547738693467611e+00
4.057788944723617952e+00
4.206030150753768737e+00
4.354271356783919522e+00
4.502512562814070307e+00
4.650753768844221092e+00
4.798994974874371877e+00
4.947236180904522662e+00
5.095477386934673447e+00
5.243718592964824232e+00
5.391959798994975017e+00
5.540201005025125802e+00
5.688442211055276587e+00
5.836683417085427372e+00
5.984924623115578157e+00
6.133165829145728942e+00
6.281407035175879727e+00
6.429648241206030512e+00
6.577889447236181297e+00
6.726130653266332082e+00
6.874371859296482867e+00
7.022613065326633652e+00
7.170854271356784437e+00
7.319095477386935222e+00
7.467336683417086007e+00
7.615577889447235904e+00
7.763819095477386689e+00
7.912060301507537474e+00
8.060301507537687371e+00
8.208542713567839044e+00
8.356783919597990717e+00
8.505025125628140614e+00
8.653266331658292287e+00
8.801507537688442184e+00
8.949748743718593857e+00
9.097989949748743754e+00
9.246231155778895427e+00
9.394472361809045324e+00
9.542713567839196998e+00
9.690954773869346894e+00
9.839195979899498568e+00
9.987437185929648464e+00
1.013567839195979836e+01
1.028391959798995003e+01
1.043216080402009993e+01
1.058040201005025160e+01
1.072864321608040150e+01
1.087688442211055317e+01
1.102512562814070307e+01
1.117336683417085474e+01
1.132160804020100464e+01
1.146984924623115631e+01
1.161809045226130621e+01
1.176633165829145788e+01
1.191457286432160778e+01
1.206281407035175945e+01
1.221105527638190935e+01
1.235929648241206102e+01
1.250753768844221092e+01
1.265577889447236259e+01
1.280402010050251249e+01
1.295226130653266416e+01
1.310050251256281406e+01
1.324874371859296573e+01
1.339698492462311563e+01
1.354522613065326730e+01
1.369346733668341720e+01
1.384170854271356887e+01
1.398994974874371877e+01
1.413819095477387044e+01
1.428643216080402034e+01
1.443467336683417201e+01
1.458291457286432191e+01
1.473115577889447181e+01
1.487939698492462348e+01
1.502763819095477338e+01
1.517587939698492505e+01
1.532412060301507495e+01
1.547236180904522662e+01
1.562060301507537652e+01
1.576884422110552819e+01
1.591708542713567809e+01
1.606532663316583154e+01
1.621356783919598143e+01
1.636180904522613133e+01
1.651005025125628123e+01
1.665829145728643113e+01
1.680653266331658457e+01
1.695477386934673447e+01
1.710301507537688437e+01
1.725125628140703427e+01
1.739949748743718771e+01
1.754773869346733761e+01
1.769597989949748751e+01
1.784422110552763741e+01
1.799246231155779085e+01
1.814070351758794075e+01
1.828894472361809065e+01
1.843718592964824055e+01
1.858542713567839400e+01
1.873366834170854389e+01
1.888190954773869379e+01
1.903015075376884369e+01
1.917839195979899714e+01
1.932663316582914703e+01
1.947487437185929693e+01
1.962311557788944683e+01
1.977135678391959672e+01
1.991959798994975017e+01
2.006783919597990007e+01
2.021608040201004997e+01
2.036432160804019986e+01
2.051256281407035331e+01
2.066080402010050321e+01
2.080904522613065311e+01
2.095728643216080300e+01
2.110552763819095645e+01
2.125376884422110635e+01
2.140201005025125625e+01
2.155025125628140614e+01
2.169849246231155959e+01
2.184673366834170949e+01
2.199497487437185939e+01
2.214321608040200928e+01
2.229145728643216273e+01
2.243969849246231263e+01
2.258793969849246253e+01
2.273618090452261242e+01
2.288442211055276587e+01
2.303266331658291577e+01
2.318090452261306567e+01
2.332914572864321556e+01
2.347738693467336901e+01
2.362562814070351891e+01
2.377386934673366881e+01
2.392211055276381870e+01
2.407035175879397215e+01
2.421859296482412205e+01
2.436683417085427195e+01
2.451507537688442184e+01
2.466331658291457174e+01
2.481155778894472519e+01
2.495979899497487509e+01
2.510804020100502498e+01
2.525628140703517488e+01
2.540452261306532833e+01
2.555276381909547823e+01
2.570100502512562812e+01
2.584924623115577802e+01
2.599748743718593147e+01
2.614572864321608137e+01
2.629396984924623126e+01
2.644221105527638116e+01
2.659045226130653461e+01
2.673869346733668451e+01
2.688693467336683440e+01
2.703517587939698430e+01
2.718341708542713775e+01
2.733165829145728765e+01
2.747989949748743754e+01
2.762814070351758744e+01
2.777638190954774089e+01
2.792462311557789079e+01
2.807286432160804068e+01
2.822110552763819058e+01
2.836934673366834403e+01
2.851758793969849393e+01
2.866582914572864382e+01
2.881407035175879372e+01
2.896231155778894362e+01
2.911055276381909707e+01
2.925879396984924696e+01
2.940703517587939686e+01
2.955527638190954676e+01
2.970351758793970021e+01
2.985175879396985010e+01
3.000000000000000000e+01
