3.044021826520397836e-02
4.206867383514459324e-02
5.777993268137522620e-02
7.727880333973159710e-02
9.984658381423149043e-02
1.246791110259371227e-01
1.511344650023052905e-01
1.787261338502114660e-01
2.069690837930571459e-01
2.352882802057093270e-01
2.630839446838785789e-01
2.898774251892094478e-01
3.153987491415132238e-01
3.395517205398508320e-01
3.623121070938860044e-01
3.836575848048946469e-01
4.035741306719675126e-01
4.221063994737153102e-01
4.393884270321992691e-01
4.556252019592882396e-01
4.710413076336137372e-01
4.858364769481691159e-01
5.001692241978497044e-01
5.141662687222595673e-01
5.279316331247484451e-01
5.415389982705126615e-01
5.550152095101298366e-01
5.683393679480370775e-01
5.814729304931580689e-01
5.944111278593218195e-01
6.072242035906530999e-01
6.200600609529245411e-01
6.330959227550371216e-01
6.464594020472861358e-01
6.601553212398135750e-01
6.740328951077884101e-01
6.878133391545673270e-01
7.011719474242842365e-01
7.138442600266897697e-01
7.257113686142113718e-01
7.368239637158889854e-01
7.473508625356974910e-01
7.574760088120239265e-01
7.672969515351040215e-01
7.767785911050180125e-01
7.857866837182884145e-01
7.941778286258517339e-01
8.018902077283770469e-01
8.089791532531568352e-01
8.155787270416583468e-01
8.218199879291103738e-01
8.277629627301172910e-01
8.333859833262481365e-01
8.386344310609931130e-01
8.434865769640440547e-01
8.479913393451811165e-01
8.522514436804032867e-01
8.563700739080797320e-01
8.604033251271191451e-01
8.643517438215777560e-01
8.681926987644659199e-01
8.719240116331803403e-01
8.755845644179508502e-01
8.792336148694083198e-01
8.829094853984285063e-01
8.865964800613667096e-01
8.902247942190568697e-01
8.937032060073606399e-01
8.969617329725902977e-01
8.999754240812947170e-01
9.027637715356530146e-01
9.053702816102164874e-01
9.078406869843960170e-01
9.102126729618083001e-01
9.125126321409359198e-01
9.147527514563522644e-01
9.169241942166339587e-01
9.189913282310429032e-01
9.208996378146833139e-01
9.225994153036601864e-01
9.240758114639169296e-01
9.253656636175430217e-01
9.265475850619704357e-01
9.277082316645836046e-01
9.289045970272111763e-01
9.301456094350004644e-01
9.314037323433346227e-01
9.326473930808020230e-01
9.338716216165564576e-01
9.351074353838750852e-01
9.364055460910436501e-01
9.378068010926595699e-01
9.393201222533705819e-01
9.409200716871499726e-01
9.425633659178161983e-01
9.442113490714691970e-01
9.458443828203574322e-01
9.474614240529996012e-01
9.490686556767521376e-01
9.506669820558187878e-01
9.522469003770154261e-01
9.537929468001310473e-01
9.552930519666806841e-01
9.567464015059715665e-01
9.581633358375422072e-01
9.595574835258080526e-01
9.609341143253675721e-01
9.622816543171170967e-01
9.635723465617901384e-01
9.647732660107133373e-01
9.658631346669382944e-01
9.668460346929483862e-01
9.677540020131472076e-01
9.686358864367513588e-01
9.695380186947543111e-01
9.704868731871838516e-01
9.714826995525012165e-01
9.725063371150906022e-01
9.735332487710707250e-01
9.745460937479791808e-01
9.755393730431772825e-01
9.765161120297273234e-01
9.774817197074905373e-01
9.784398541133877414e-01
9.793913558183755530e-01
9.803345072157783058e-01
9.812637009713527370e-01
9.821676978267441793e-01
9.830305788797910616e-01
9.838374698297490673e-01
9.845828527934011865e-01
9.852751987052967841e-01
9.859330008722182459e-01
9.865730642106947945e-01
9.871983879639923964e-01
9.877944440252420799e-01
9.883372580581085698e-01
9.888081602528563385e-01
9.892049465070811287e-01
9.895418225146032087e-01
9.898388929123780322e-01
9.901097329700634386e-01
9.903565842820025722e-01
9.905763184405351751e-01
9.907712222213254094e-01
9.909552930713702024e-01
9.911497926790113766e-01
9.913707592443904426e-01
9.916175949530692257e-01
9.918714561043948663e-01
9.921052613319005786e-01
9.922990218206154678e-01
9.924507326521608830e-01
9.925764671133721073e-01
9.927005634184197236e-01
9.928426900967274316e-01
9.930093563302547777e-01
9.931935354798736570e-01
9.933807284469293730e-01
9.935568668711581841e-01
9.937137591105891232e-01
9.938504493258104588e-01
9.939712232108607326e-01
9.940822306565660904e-01
9.941880737289421344e-01
9.942897286566512172e-01
9.943838355193855838e-01
9.944640460490146161e-01
9.945239076023967284e-01
9.945603315448007242e-01
9.945759111599263846e-01
9.945790486060540614e-01
9.945816313107560536e-01
9.945954246490653627e-01
9.946287426704818468e-01
9.946845979117685532e-01
9.947607992000185861e-01
9.948516068843215043e-01
9.949501566802079200e-01
9.950508769578594315e-01
9.951509001550178368e-01
9.952510453620325714e-01
9.953537216332234427e-01
9.954618629024156728e-01
9.955775233415029568e-01
9.957019208887668560e-01
9.958364475672448757e-01
9.959833065565463217e-01
9.961444146274960332e-01
9.963185779360392846e-01
9.964988337047174793e-01
9.966725810585781442e-01
9.968257699771965186e-01
9.969495362962326190e-01
9.970453349138761467e-01
9.971247960328393223e-01
9.972036181521819476e-01
9.972928449824366437e-01
9.973929256435691837e-01
9.974945208944744346e-01
