1.991803880395914874e-05
1.100244281779657772e-03
6.740264839720598762e-03
1.772011114714522328e-02
3.312676944652458849e-02
5.247215968802938085e-02
7.481818587318934954e-02
9.931240392653167826e-02
1.262883578413757646e-01
1.552604300919062652e-01
1.848714407366810197e-01
2.153201935850366788e-01
2.487590853665434254e-01
2.835128779980683467e-01
3.129324091850827494e-01
3.430954392792917584e-01
3.720928586869152732e-01
3.995850842631588073e-01
4.254224814599657511e-01
4.495032176097957244e-01
4.721782415102274699e-01
4.940188107405057427e-01
5.164562070916870473e-01
5.441589110976267074e-01
5.871432537260007356e-01
6.457795611482577414e-01
6.662408783770978893e-01
6.093251091077951376e-01
6.060682143651195952e-01
6.890055974522399929e-01
6.844849596170541339e-01
7.026142782018928168e-01
7.193689716721258787e-01
7.208434063324916652e-01
7.385802363803612991e-01
7.423591202988439886e-01
7.555185911122818121e-01
7.648319136206512825e-01
7.717982748154545991e-01
7.855378484883506207e-01
7.881680442317962054e-01
8.016694669001961371e-01
8.055818352839460017e-01
8.133668011600506675e-01
8.218022529858466374e-01
8.247730630960240505e-01
8.333597069218701137e-01
8.379623491039661642e-01
8.415829039249496102e-01
8.481625906332209697e-01
8.513925407600881901e-01
8.578738211429153271e-01
8.672744070879816469e-01
8.668567430801058515e-01
8.593522106328107535e-01
8.673143460969146012e-01
8.908359168375815651e-01
8.896311810705174183e-01
8.779163109671694887e-01
8.902103935622344144e-01
8.879559735159252565e-01
8.908506281326333820e-01
8.997747875110162497e-01
8.962066458990753937e-01
9.065900609211687833e-01
9.032130373626703346e-01
9.101082900193754321e-01
9.082333747348796393e-01
9.141837229448906976e-01
9.122501313821803626e-01
9.176275986487820724e-01
9.168125487417141395e-01
9.215889343422014601e-01
9.206357363435376806e-01
9.253833401688826843e-01
9.252019531983048939e-01
9.280118630468578989e-01
9.294658316973699597e-01
9.312459983439610456e-01
9.333594332846502084e-01
9.316223243579240254e-01
9.337999315157725633e-01
9.379795605202355668e-01
9.437876206629149944e-01
9.393700076015715217e-01
9.336565379380461493e-01
9.422129806061786406e-01
9.447054452245042810e-01
9.427015229821268383e-01
9.486811900287990262e-01
9.465957510492961635e-01
9.469850605246664665e-01
9.499963015214545337e-01
9.471486014771874906e-01
9.516507887160462476e-01
9.500299002277207139e-01
9.527575337589013760e-01
9.534315009314819900e-01
9.539845811053432323e-01
9.555996630826174565e-01
9.558996676326897424e-01
9.568316879923551843e-01
9.571753296406539935e-01
9.586135781806365275e-01
9.583623833672882952e-01
9.598568688977097141e-01
9.599057682380116585e-01
9.602572068470729416e-01
9.619435293512139662e-01
9.637224150600652850e-01
9.641769682067485858e-01
9.609280213050963582e-01
9.620593929952777623e-01
9.662700357916905736e-01
9.683506233079133274e-01
9.645998313869376117e-01
9.667088311972135140e-01
9.671739415785699512e-01
9.654479483121755079e-01
9.685939627062889468e-01
9.679876570188847840e-01
9.690642171241671265e-01
9.704358929789366206e-01
9.694035044466440265e-01
9.714150894746732545e-01
9.702003367884549645e-01
9.713848811740442013e-01
9.715665795493612089e-01
9.714926356439932409e-01
9.728876021876058378e-01
9.721774950194627118e-01
9.740478769686605753e-01
9.729755121599507062e-01
9.745298180915100694e-01
9.741745258943869112e-01
9.753755363090679253e-01
9.752790788449617887e-01
9.753647851704083660e-01
9.737994090024785221e-01
9.766371611512372208e-01
9.781149612135278115e-01
9.776045197043301549e-01
9.749824969105336248e-01
9.771427942620118934e-01
9.778861225496707776e-01
9.775115920804392511e-01
9.786139084933358490e-01
9.796147536260650934e-01
9.782502981498778505e-01
9.794243380570317736e-01
9.792101072762994241e-01
9.788031395854061012e-01
9.802312833673406667e-01
9.793327386546428759e-01
9.809105612540967023e-01
9.803472519599972790e-01
9.810625030223930620e-01
9.814081660506324134e-01
9.809043381167317222e-01
9.820404358792366173e-01
9.810379973676084386e-01
9.824323972637378777e-01
9.818717198284694359e-01
9.823596183046809927e-01
9.819865587317136990e-01
9.825886751063132030e-01
9.838246009520462687e-01
9.840135026391099160e-01
9.827172998692836892e-01
9.821965008066591007e-01
9.840509620110761135e-01
9.849286027898022100e-01
9.837668328815935004e-01
9.844651548774180361e-01
9.848303869015061496e-01
9.836884695348195873e-01
9.847042970224481051e-01
9.850869300508441340e-01
9.846060704103770655e-01
9.859720070051196661e-01
9.853521473157310639e-01
9.857443353911613526e-01
9.859366952887282931e-01
9.855924659134531751e-01
9.860589765860912070e-01
9.859874403984022484e-01
9.860342984138753542e-01
9.867783661629867531e-01
9.862560136049727255e-01
9.871240144410077244e-01
9.866752091739292574e-01
9.869266364757804944e-01
9.874351480648437818e-01
9.876959892258636575e-01
9.873087527915138661e-01
9.864575283633564284e-01
9.874504846282862180e-01
9.885357320172007967e-01
9.884751470092948411e-01
9.873197102704573958e-01
