3.275226868132676065e-08
5.603546318442220123e-06
1.283238491919244998e-04
7.736322417730169803e-04
2.206908908647548309e-03
4.267627373289705102e-03
6.874428560567029563e-03
1.024437639481789834e-02
1.471475954889944759e-02
2.044626988532075029e-02
2.719625340173011455e-02
3.438909294227682212e-02
4.145975664048637266e-02
4.818089087430281470e-02
5.473010019554884475e-02
6.146739965753983403e-02
6.862542060374303421e-02
7.613719835783497314e-02
8.366460716336988901e-02
9.079768716383972149e-02
9.731173930009485995e-02
1.032969309294236721e-01
1.090781948110497585e-01
1.150119487397449486e-01
1.212865757876189360e-01
1.278354168860413864e-01
1.344102576469570209e-01
1.407567513241062274e-01
1.467791400318804729e-01
1.526012632217567666e-01
1.584883244859197071e-01
1.646841197497459219e-01
1.712732983621524374e-01
1.781489447834133100e-01
1.850762131162582147e-01
1.918013980239268723e-01
1.982866970599511669e-01
2.047205289672183182e-01
2.110583970032851586e-01
2.175235288395560851e-01
2.244599387599456597e-01
2.312630096972417282e-01
2.378906629686420582e-01
2.442527481866643146e-01
2.502648084708334886e-01
2.560593459880382006e-01
2.616802467369100382e-01
2.673804073514877144e-01
2.731142492254337584e-01
2.788453012478724347e-01
2.843400431907554538e-01
2.895302276568952893e-01
2.944277503376088734e-01
2.991748816018968693e-01
3.039539965441058200e-01
3.088237866934863129e-01
3.138221408882735375e-01
3.188043164096781013e-01
3.237100315076228974e-01
3.284359522014724253e-01
3.330321432894312594e-01
3.375920277176139850e-01
3.422219771873932226e-01
3.470162059793311937e-01
3.519231813843186618e-01
3.568742614195360985e-01
3.617405202168547107e-01
3.664640216005675688e-01
3.710813113909128269e-01
3.756609453405561627e-01
3.803146000733934606e-01
3.850691007649578168e-01
3.898868093686668201e-01
3.946642887931308685e-01
3.993016348791100234e-01
4.038053289487207875e-01
4.081262358381104183e-01
4.123433677419043875e-01
4.166667477111800633e-01
4.209559684218362463e-01
4.251738169090361064e-01
4.294052992857625428e-01
4.334339178693311645e-01
4.372873576299741716e-01
4.409684849688118025e-01
4.445973514336556409e-01
4.482782542881030841e-01
4.519664783944732922e-01
4.556871660499622889e-01
4.593389229502767290e-01
4.629370499176954090e-01
4.664178972309960813e-01
4.698631281839301121e-01
4.732999936228090565e-01
4.768575188813461985e-01
4.805117407458344703e-01
4.842649961119209756e-01
4.880015081534282984e-01
4.916952122510576118e-01
4.953092331835474704e-01
4.989137750975495278e-01
5.025346693661801867e-01
5.062338431672472883e-01
5.099817038014640147e-01
5.137412076640730518e-01
5.174375278908893705e-01
5.210111100144171337e-01
5.244543201937560406e-01
5.277892810870805640e-01
5.310888578870224253e-01
5.343831461236265845e-01
5.376823011132009222e-01
5.409238128000998236e-01
5.440796334069607498e-01
5.470766957005910314e-01
5.499273608482704301e-01
5.527572482554641287e-01
5.555681926916122837e-01
5.583889534826286249e-01
5.613098026181786437e-01
5.642320518443448840e-01
5.670786836514917217e-01
5.698860150217244236e-01
5.726449267960359579e-01
5.754378928440521124e-01
5.782799148807037382e-01
5.812149622073360389e-01
5.842466602963064526e-01
5.873013122797563490e-01
5.903259509654968928e-01
5.932662255417898711e-01
5.961715628568149405e-01
5.990670336782631944e-01
6.020163845057355800e-01
6.049903496583486362e-01
6.079843572932098761e-01
6.109176116956801517e-01
6.137634723561256056e-01
6.164784458061295380e-01
6.191004046834968078e-01
6.216714072953599679e-01
6.242479279496202516e-01
6.268340515015952130e-01
6.294038991958236240e-01
6.318954522321301726e-01
6.342924803721693428e-01
6.365845694912314334e-01
6.388343515468213329e-01
6.410837480775020136e-01
6.433814583759019934e-01
6.457241538748017540e-01
6.481044703302420995e-01
6.504556140279106335e-01
6.527567725066386606e-01
6.550307110720369197e-01
6.573078349424852362e-01
6.596018574337653151e-01
6.620087840934644197e-01
6.644851836048701887e-01
6.669452995145465080e-01
6.693984723926679203e-01
6.717883423727024628e-01
6.741286047273309379e-01
6.764480377769548358e-01
6.787794440905083881e-01
6.811623254146027540e-01
6.835450963947522496e-01
6.858867130968410164e-01
6.881462953647760061e-01
6.903132190240055532e-01
6.924072683131662354e-01
6.944527150023114270e-01
6.964978602067959379e-01
6.985521946880512978e-01
7.006138362496758809e-01
7.026239948388429690e-01
7.045634114192488306e-01
7.064185371363943533e-01
7.082385033940729047e-01
7.100603486155450117e-01
7.119250317220126023e-01
7.138308632372656337e-01
7.157625900012959397e-01
7.176863096985144352e-01
7.195739131798023491e-01
7.214308496138623905e-01
7.232773153727248827e-01
7.251609445450087899e-01
7.270986008603280704e-01
7.290946116680705469e-01
7.311051789062211759e-01
7.330823963623012141e-01
7.350220818760947461e-01
7.369163342247385673e-01
7.387717132147509913e-01
7.406522764788696644e-01
7.425604777147121194e-01
7.444512326704563199e-01
7.463319761744877656e-01
7.481595375080981603e-01
