1.595189032239215830e-07
1.682405527678973748e-05
1.876028878027076626e-04
8.028761100410234958e-04
2.228524804776237794e-03
4.889372393502053327e-03
9.158658123269091192e-03
1.532388583939293773e-02
2.376156641928413651e-02
3.466759977838076989e-02
4.788975374762271392e-02
6.348004990282167526e-02
8.210709548145779524e-02
1.032924746822141276e-01
1.243070354093487040e-01
1.470109700392785435e-01
1.703747347190498196e-01
1.939206891412788847e-01
2.172644848062142142e-01
2.400742807800149425e-01
2.623065280825918610e-01
2.841179004197400548e-01
3.062557055251665661e-01
3.315634515017843453e-01
3.665160275078617191e-01
4.119613549621114479e-01
4.334271385657542663e-01
4.035416589303257862e-01
4.080276080569533725e-01
4.709858099927030084e-01
4.746256314896558637e-01
4.938243424989117170e-01
5.121620773107161684e-01
5.196139852596342035e-01
5.388215414223000987e-01
5.479227889345849034e-01
5.639963577341127188e-01
5.772963482060283757e-01
5.888642600628635204e-01
6.056606849768595424e-01
6.138971235473554833e-01
6.305803006296030189e-01
6.396858481962728327e-01
6.517647261355788979e-01
6.642764102312554986e-01
6.722344765465892991e-01
6.846277392020504449e-01
6.936169327428898246e-01
7.016390397629549414e-01
7.120006924223115652e-01
7.194407966018221412e-01
7.295412659711778547e-01
7.420946100238334786e-01
7.462046215343552946e-01
7.441068933158785370e-01
7.553543790328728358e-01
7.802714051748526058e-01
7.836073377109633586e-01
7.775852904421965972e-01
7.927850207501442314e-01
7.950162640406569503e-01
8.017806389395193412e-01
8.139233607899843959e-01
8.146632425724759097e-01
8.279628431912189335e-01
8.285505721274165625e-01
8.383793817567909423e-01
8.399358501529813337e-01
8.485167612872794862e-01
8.495593301596396918e-01
8.571815413015020368e-01
8.587939661154212478e-01
8.654205456462101820e-01
8.664533719445366433e-01
8.726501258424517182e-01
8.740165784960510775e-01
8.780438990883339123e-01
8.806494549863295163e-01
8.834498461181933271e-01
8.864810663063136253e-01
8.857945543194307714e-01
8.887981611926036862e-01
8.937084605426414141e-01
9.002001543831688046e-01
8.969813014002715468e-01
8.925728013639048219e-01
9.018809616990827172e-01
9.054767124618692264e-01
9.048434725613406782e-01
9.119553685997264791e-01
9.113875867990611779e-01
9.132543002848079183e-01
9.176931157106981152e-01
9.164908940681416594e-01
9.224020678279539753e-01
9.223615904235414886e-01
9.265040168460363379e-01
9.285965673447056368e-01
9.305003712789710058e-01
9.333584205578713267e-01
9.348414509457236843e-01
9.368458234846532839e-01
9.381752538333376634e-01
9.404799025703211024e-01
9.410321226940427941e-01
9.432089315891686310e-01
9.438827037480592708e-01
9.447787477942521939e-01
9.469227685006716966e-01
9.491025288040741970e-01
9.499316406515234679e-01
9.470733100189432374e-01
9.485032431620462612e-01
9.529515297269247620e-01
9.552900834491849791e-01
9.518719063368882294e-01
9.542385269826101357e-01
9.549911210380918059e-01
9.535912845649284764e-01
9.570177295921010741e-01
9.567517207887640263e-01
9.581625831462560194e-01
9.598773586385167533e-01
9.592223046992421898e-01
9.615836928904495373e-01
9.607514668667080926e-01
9.622906383349200121e-01
9.628284866943082054e-01
9.631013861102185603e-01
9.648170288154110930e-01
9.644300849746432203e-01
9.665880536817227364e-01
9.658114225020585364e-01
9.676292129867168912e-01
9.675403795498422888e-01
9.689889576786537839e-01
9.691427663670540982e-01
9.694736297459571883e-01
9.681606949788553740e-01
9.712243267403565250e-01
9.729355448915978366e-01
9.726677783454998893e-01
9.702957879608834491e-01
9.726789901188919174e-01
9.736465065452385437e-01
9.734932620066895081e-01
9.748011701248411320e-01
9.759968910869620817e-01
9.748229095142042500e-01
9.761642295784994650e-01
9.761069306973801929e-01
9.758417120522017152e-01
9.773902495777838650e-01
9.766029907272054666e-01
9.782695658335177624e-01
9.777856451935414972e-01
9.785624315708372212e-01
9.789570546538689522e-01
9.784919702770425998e-01
9.796520353710683748e-01
9.786699370998322989e-01
9.800723211175386140e-01
9.795203397847098703e-01
9.800132726760028001e-01
9.796490880180455108e-01
9.802624756969974262e-01
9.815156388185649616e-01
9.817340954418520838e-01
9.804825215429548990e-01
9.800173499484314821e-01
9.819355449175423134e-01
9.828921744740715116e-01
9.818254399475254690e-01
9.826251554260477805e-01
9.831002614029249465e-01
9.820758160528051395e-01
9.832077350902149737e-01
9.837068807443481999e-01
9.833403301594543233e-01
9.848125291744701526e-01
9.842936408809286331e-01
9.847765257864922184e-01
9.850496960601153873e-01
9.847761373677861307e-01
9.853019478136656462e-01
9.852796728605126564e-01
9.853656584535885887e-01
9.861391544263604647e-01
9.856384895066110374e-01
9.865195935841890584e-01
9.860778863028711871e-01
9.863301227530000270e-01
9.868344304706825332e-01
9.870874508521610968e-01
9.866902030508315491e-01
9.858279156919023123e-01
9.868085509246050657e-01
9.878826085168356252e-01
9.878140109988369222e-01
9.866548195722107950e-01
