4.609693373498232072e-06
5.227797379873650287e-04
7.918853947152268077e-03
3.428781407427302502e-02
7.617179499143170163e-02
1.216817164921845940e-01
1.677291375209068180e-01
2.174202437132071453e-01
2.732833094326599377e-01
3.337349241055071469e-01
3.933003650682101449e-01
4.461959260181676545e-01
4.897758948486218844e-01
5.252418960377668311e-01
5.560382188143940807e-01
5.853293131616768008e-01
6.142847491695195838e-01
6.420829798929240662e-01
6.670268820362241780e-01
6.879092180014574343e-01
7.049148594029069903e-01
7.194840840762553036e-01
7.333877642117706541e-01
7.478067358747219062e-01
7.628768582322539293e-01
7.778591125463705236e-01
7.918044443034911728e-01
8.042149919611462083e-01
8.152958024039587137e-01
8.257539895231654770e-01
8.363110933695955262e-01
8.472490759232402802e-01
8.582945960203810509e-01
8.688795209062784020e-01
8.784678402693794075e-01
8.867068137315492482e-01
8.940043382591649213e-01
9.012068724079475013e-01
9.076364234482546811e-01
9.137011254637978919e-01
9.205566132973699300e-01
9.259357896785816999e-01
9.303649549773249650e-01
9.342003727745078479e-01
9.375108332206949502e-01
9.407259641681435802e-01
9.436037249562765350e-01
9.466283674485267419e-01
9.494628727962266534e-01
9.521851537081896799e-01
9.544466970062627231e-01
9.564444711731628912e-01
9.583565532018623045e-01
9.604243361815800739e-01
9.627847082028426762e-01
9.652063672153932128e-01
9.676445755748596111e-01
9.697980493630442567e-01
9.718074233222367964e-01
9.736287343628475810e-01
9.754385658028328354e-01
9.772678102605714123e-01
9.790516406986025100e-01
9.807697836178294049e-01
9.822305898318555162e-01
9.834535907206937155e-01
9.844115343626275161e-01
9.851966297864148681e-01
9.859415771520342320e-01
9.866524409912235116e-01
9.873709050137624565e-01
9.880127244277842058e-01
9.885379328805774524e-01
9.889285605016239211e-01
9.892333162327249241e-01
9.896590727836007684e-01
9.900774174498860880e-01
9.905062648979081619e-01
9.912293032145768068e-01
9.917887321104958964e-01
9.921539010183597629e-01
9.927124039311121528e-01
9.931639137847655396e-01
9.936635212815283502e-01
9.941359878613887924e-01
9.946433913542326311e-01
9.951985488552932413e-01
9.955903579232661116e-01
9.959203234698872365e-01
9.961198047007934209e-01
9.963721564613489123e-01
9.965815739779679827e-01
9.968238456604212594e-01
9.969711524502506972e-01
9.971311251800158981e-01
9.972047215461967706e-01
9.972866315347777011e-01
9.973088481327118116e-01
9.973673332282304571e-01
9.974308781053694561e-01
9.975647701697597514e-01
9.976842110137923436e-01
9.978118424944654175e-01
9.978955604756386544e-01
9.979807074167881265e-01
9.980872488978155266e-01
9.982227923988195029e-01
9.983893658356376433e-01
9.985414055818625512e-01
9.986870469971432795e-01
9.987949315711122100e-01
9.988916423737123074e-01
9.989562957637732055e-01
9.990572905270110882e-01
9.991273895239776159e-01
9.991584961360028272e-01
9.992631271121250602e-01
9.993074659103837742e-01
9.992605558270111210e-01
9.992932294920369163e-01
9.993127722244450339e-01
9.992798784117340460e-01
9.993011504030376857e-01
9.993169326371439398e-01
9.993653629642252900e-01
9.993661050976386795e-01
9.993518029901961031e-01
9.993715717134362686e-01
9.994019219107755925e-01
9.994544680506036727e-01
9.994810071054814893e-01
9.995313771247662515e-01
9.995660396930782232e-01
9.996201400538937687e-01
9.996347933719159640e-01
9.996656475878814563e-01
9.996829381192772201e-01
9.997292998841699196e-01
9.997568694903573583e-01
9.997792533321634423e-01
9.997794140268032592e-01
9.997803549209991480e-01
9.997788068987025767e-01
9.997849319728767670e-01
9.997775095360873499e-01
9.997829561613489346e-01
9.997749904626673789e-01
9.997825062602332391e-01
9.997789307324506103e-01
9.997755277124688034e-01
9.997620248316632097e-01
9.997768974510374829e-01
9.997845026163882931e-01
9.997915175612378524e-01
9.998156294895906848e-01
9.998388353364073833e-01
9.998092892852563640e-01
9.998353203007794843e-01
9.998716842372470381e-01
9.998563196076949433e-01
9.998774377043294637e-01
9.998905134042072040e-01
9.999026517156934801e-01
9.999046154329876979e-01
9.998921843052374081e-01
9.999073625738273963e-01
9.999089891468760927e-01
9.999050782645914071e-01
9.998993593276889191e-01
9.998999269630935993e-01
9.999082238080827523e-01
9.999004656367865840e-01
9.998926911631182968e-01
9.998819889389767290e-01
9.998938203778890976e-01
9.998964895109047069e-01
9.999033708183786562e-01
9.998959028837305363e-01
9.999002078748004951e-01
9.999036184709649833e-01
9.999127034602754982e-01
9.999141531999197197e-01
9.999174052677567426e-01
9.999243084105405854e-01
9.999296921285750761e-01
9.999373055055201798e-01
9.999349218055177957e-01
9.999364939913572004e-01
9.999338749358533951e-01
9.999420152543949669e-01
9.999458707550064052e-01
9.999354524402498390e-01
9.999401294891109293e-01
9.999463844547277214e-01
9.999288357405076155e-01
9.999340008126222923e-01
9.999473237114137047e-01
9.999266548310157265e-01
9.999281748607657949e-01
9.999415585833015818e-01
