2.268684795714866518e-07
1.687790072062245135e-05
1.397084940841191564e-04
4.634776945078498381e-04
1.043413668899270588e-03
1.962405159361041689e-03
3.298422344927797768e-03
5.057489002396437297e-03
7.471947295160795595e-03
1.030560554801494312e-02
1.373442869149576161e-02
1.828484492853254401e-02
2.511739987299766233e-02
3.211862899047530917e-02
3.743217471675040764e-02
4.445927156074452880e-02
5.241095418658694993e-02
6.111089660042014204e-02
7.089611678986838805e-02
8.137266991082307832e-02
9.265226388191517837e-02
1.053435074640496766e-01
1.214264330614225618e-01
1.479323379693470719e-01
2.042858438212784289e-01
3.056023376876375597e-01
3.385315100186542803e-01
2.274159040967145828e-01
2.084658339972784158e-01
2.748262743323359181e-01
2.564779470616070367e-01
2.989928983833807785e-01
3.058814727426659719e-01
3.331888545056047590e-01
3.441264676444242832e-01
3.704282970978812206e-01
3.771577756933919279e-01
4.064145084199766722e-01
4.104680204085781603e-01
4.356509309285104270e-01
4.448041440390338441e-01
4.606513815732565797e-01
4.793486383669219864e-01
4.864015322875870906e-01
5.059929352415878379e-01
5.168484040038517913e-01
5.263251485118563000e-01
5.405521738981878821e-01
5.404971916271134047e-01
5.346080739428278328e-01
5.284545664315828395e-01
5.387201957121009466e-01
5.985889415382169565e-01
6.591793483744481374e-01
6.221272962325843370e-01
5.785767283061206134e-01
6.241463580869560657e-01
6.355552277468140554e-01
6.184168776555916125e-01
6.591963596705181505e-01
6.477129098215398395e-01
6.628584583295221710e-01
6.736580939468095330e-01
6.735871046584855915e-01
6.890116837099482527e-01
6.858831628680276404e-01
7.031476487843076884e-01
6.982809381107416558e-01
7.131195075827286844e-01
7.124501827228330031e-01
7.232705959099439141e-01
7.246747048111521483e-01
7.334168499685680409e-01
7.409270103366124571e-01
7.453196995020946458e-01
7.562519290715107312e-01
7.515067575197165173e-01
7.492593415483771446e-01
7.441094696056810287e-01
7.702725546379008970e-01
7.994231435192356017e-01
7.856755360390601517e-01
7.626465038891160342e-01
7.763423833080478342e-01
7.967686551094336211e-01
7.817487714972741752e-01
7.937524631498963368e-01
8.074583045128779224e-01
7.951043813201662536e-01
8.124511935783257366e-01
8.089978439554289524e-01
8.118631456389667767e-01
8.190926972133520945e-01
8.155133779543816130e-01
8.252041143737166573e-01
8.210162734444973465e-01
8.310529114603549816e-01
8.255329396630745054e-01
8.365336797244492528e-01
8.319089520084216316e-01
8.400224836928982253e-01
8.400998420100931341e-01
8.480222650825005593e-01
8.437399925885238350e-01
8.463226904267522333e-01
8.409364278973732176e-01
8.569313761687742392e-01
8.682127094410523327e-01
8.651667067404736899e-01
8.473362985612862275e-01
8.565645694352770345e-01
8.689882181342613032e-01
8.606687902533006751e-01
8.657822063387916600e-01
8.747214144250110568e-01
8.699674717525260892e-01
8.729114015000287718e-01
8.799858252383712109e-01
8.728761196399800193e-01
8.811997979336213538e-01
8.800428420327059964e-01
8.798113309508716062e-01
8.856742402368484868e-01
8.822291075244472758e-01
8.884746862070667106e-01
8.859856011998912262e-01
8.909864187602525298e-01
8.897345651677246448e-01
8.943135784267792765e-01
8.940772917670437581e-01
8.968344561627715761e-01
8.926060087721363612e-01
8.944995332098809593e-01
9.021075650548791014e-01
9.089015085497061941e-01
9.057940168133642445e-01
8.965929607480541685e-01
8.991875875631953896e-01
9.096320567492934828e-01
9.045868142442153870e-01
9.054868832604084927e-01
9.126195245064113726e-01
9.111643587952459322e-01
9.086726845420376453e-01
9.171873756309570913e-01
9.104279083756593449e-01
9.148920083570987183e-01
9.167764677467993284e-01
9.134147347729623112e-01
9.191280705914504079e-01
9.171083100917781783e-01
9.188745712400637755e-01
9.207736406786939387e-01
9.201796929424735927e-01
9.231848307594587855e-01
9.225148122113664417e-01
9.259073641009621936e-01
9.233581435249602620e-01
9.243093895468857957e-01
9.231819990142267063e-01
9.290744332039020392e-01
9.343974126943190850e-01
9.298683710353906617e-01
9.253486757015479958e-01
9.258568027505388320e-01
9.344092178649351377e-01
9.299107102298109773e-01
9.309454140086564911e-01
9.354377307388421769e-01
9.354001135504927955e-01
9.325028334865067547e-01
9.379129273189839022e-01
9.353261162315709143e-01
9.355588511589335576e-01
9.382418627802412425e-01
9.368559864421777128e-01
9.379650639688627001e-01
9.399319313719299851e-01
9.385076883200498266e-01
9.410203784278031724e-01
9.409468571753005772e-01
9.411998062660246189e-01
9.438834427382468695e-01
9.419219946236307983e-01
9.448961129784233526e-01
9.401746127886173587e-01
9.439001072399600956e-01
9.462194480169251465e-01
9.489818792734245889e-01
9.478456721570078791e-01
9.418095861308832806e-01
9.453981782005125289e-01
9.478988023903335280e-01
9.488986371375119910e-01
9.458985366263424899e-01
9.513252438252247645e-01
9.504194252404292165e-01
9.490658817098730493e-01
9.509413726441235948e-01
9.519008013423753134e-01
