5.000000000000000000e-01
1.100502512562814061e+00
1.701005025125628123e+00
2.301507537688442184e+00
2.902010050251256246e+00
3.502512562814070307e+00
4.103015075376884369e+00
4.703517587939698430e+00
5.304020100502512491e+00
5.904522613065326553e+00
6.505025125628140614e+00
7.105527638190954676e+00
7.706030150753768737e+00
8.306532663316582799e+00
8.907035175879396860e+00
9.507537688442210921e+00
1.010804020100502498e+01
1.070854271356783904e+01
1.130904522613065311e+01
1.190954773869346717e+01
1.251005025125628123e+01
1.311055276381909529e+01
1.371105527638190935e+01
1.431155778894472341e+01
1.491206030150753747e+01
1.551256281407035154e+01
1.611306532663316560e+01
1.671356783919598143e+01
1.731407035175879372e+01
1.791457286432160600e+01
1.851507537688442184e+01
1.911557788944723768e+01
1.971608040201004997e+01
2.031658291457286225e+01
2.091708542713567809e+01
2.151758793969849393e+01
2.211809045226130621e+01
2.271859296482411850e+01
2.331909547738693433e+01
2.391959798994975017e+01
2.452010050251256246e+01
2.512060301507537474e+01
2.572110552763819058e+01
2.632160804020100642e+01
2.692211055276381870e+01
2.752261306532663099e+01
2.812311557788944683e+01
2.872361809045226266e+01
2.932412060301507495e+01
2.992462311557788723e+01
3.052512562814070307e+01
3.112562814070351891e+01
3.172613065326633119e+01
3.232663316582914348e+01
3.292713567839196287e+01
3.352763819095477515e+01
3.412814070351758744e+01
3.472864321608039972e+01
3.532914572864321201e+01
3.592964824120603140e+01
3.653015075376884369e+01
3.713065326633165597e+01
3.773115577889447536e+01
3.833165829145728765e+01
3.893216080402009993e+01
3.953266331658291222e+01
4.013316582914572450e+01
4.073366834170854389e+01
4.133417085427135618e+01
4.193467336683416846e+01
4.253517587939698785e+01
4.313567839195980014e+01
4.373618090452261242e+01
4.433668341708542471e+01
4.493718592964823699e+01
4.553768844221105638e+01
4.613819095477386867e+01
4.673869346733668095e+01
4.733919597989950034e+01
4.793969849246231263e+01
4.854020100502512491e+01
4.914070351758793720e+01
4.974120603015074948e+01
5.034170854271356887e+01
5.094221105527638116e+01
5.154271356783919344e+01
5.214321608040201284e+01
5.274371859296482512e+01
5.334422110552763741e+01
5.394472361809044969e+01
5.454522613065326198e+01
5.514572864321608137e+01
5.574623115577889365e+01
5.634673366834170594e+01
5.694723618090452533e+01
5.754773869346733761e+01
5.814824120603014990e+01
5.874874371859296218e+01
5.934924623115577447e+01
5.994974874371859386e+01
6.055025125628140614e+01
6.115075376884421843e+01
6.175125628140703782e+01
6.235175879396985010e+01
6.295226130653266239e+01
6.355276381909547467e+01
6.415326633165828696e+01
6.475376884422109924e+01
6.535427135678392574e+01
6.595477386934673802e+01
6.655527638190955031e+01
6.715577889447236259e+01
6.775628140703517488e+01
6.835678391959798716e+01
6.895728643216079945e+01
6.955778894472361173e+01
7.015829145728642402e+01
7.075879396984925052e+01
7.135929648241206280e+01
7.195979899497487509e+01
7.256030150753768737e+01
7.316080402010049966e+01
7.376130653266331194e+01
7.436180904522612423e+01
7.496231155778895072e+01
7.556281407035176301e+01
7.616331658291457529e+01
7.676381909547738758e+01
7.736432160804019986e+01
7.796482412060301215e+01
7.856532663316582443e+01
7.916582914572863672e+01
7.976633165829144900e+01
8.036683417085427550e+01
8.096733668341708778e+01
8.156783919597990007e+01
8.216834170854271235e+01
8.276884422110552464e+01
8.336934673366833692e+01
8.396984924623114921e+01
8.457035175879397570e+01
8.517085427135678799e+01
8.577135678391960028e+01
8.637185929648241256e+01
8.697236180904522485e+01
8.757286432160803713e+01
8.817336683417084942e+01
8.877386934673366170e+01
8.937437185929647399e+01
8.997487437185930048e+01
9.057537688442211277e+01
9.117587939698492505e+01
9.177638190954773734e+01
9.237688442211054962e+01
9.297738693467336191e+01
9.357788944723617419e+01
9.417839195979900069e+01
9.477889447236181297e+01
9.537939698492462526e+01
9.597989949748743754e+01
9.658040201005024983e+01
9.718090452261306211e+01
9.778140703517587440e+01
9.838190954773868668e+01
9.898241206030149897e+01
9.958291457286432546e+01
1.001834170854271377e+02
1.007839195979899500e+02
1.013844221105527623e+02
1.019849246231155746e+02
1.025854271356783869e+02
1.031859296482411992e+02
1.037864321608040257e+02
1.043869346733668380e+02
1.049874371859296502e+02
1.055879396984924625e+02
1.061884422110552748e+02
1.067889447236180871e+02
1.073894472361808994e+02
1.079899497487437117e+02
1.085904522613065240e+02
1.091909547738693504e+02
1.097914572864321627e+02
1.103919597989949750e+02
1.109924623115577873e+02
1.115929648241205996e+02
1.121934673366834119e+02
1.127939698492462242e+02
1.133944723618090507e+02
1.139949748743718629e+02
1.145954773869346752e+02
1.151959798994974875e+02
1.157964824120602998e+02
1.163969849246231121e+02
1.169974874371859244e+02
1.175979899497487366e+02
1.181984924623115489e+02
1.187989949748743754e+02
1.193994974874371877e+02
1.200000000000000000e+02
