2.746213643903663902e-05
1.021292983700185361e-03
4.531200919475732516e-03
9.101596942499082243e-03
1.365039708869964126e-02
1.835213519450024089e-02
2.324921206293594639e-02
2.799250395971591282e-02
3.355253278802730610e-02
3.855939272680529439e-02
4.378141373540431897e-02
5.060442021656017669e-02
6.134020418455771173e-02
7.020176912965467309e-02
7.414204392374323938e-02
8.068729057118882719e-02
8.801678896577030953e-02
9.580674160667816686e-02
1.045877252191367984e-01
1.137686734111979930e-01
1.235625256283397477e-01
1.347875733339895798e-01
1.498444468780482930e-01
1.768965450521874094e-01
2.377137794274102323e-01
3.473498723985354308e-01
3.770999630778357758e-01
2.490057356877674044e-01
2.249486068385755932e-01
2.929224390864808014e-01
2.705490604554687817e-01
3.126770450889473918e-01
3.175840415576737241e-01
3.438769401938776005e-01
3.534200437375641379e-01
3.788947858660090540e-01
3.845007888181525280e-01
4.132073877505588744e-01
4.164116681173663514e-01
4.411732312013436075e-01
4.497976155957115751e-01
4.652892947395529388e-01
4.837347020551695520e-01
4.905011117302273682e-01
5.099731316482662979e-01
5.206891774102971882e-01
5.300595371454674964e-01
5.442458275315867899e-01
5.440764509143357630e-01
5.380520301212120549e-01
5.317704818403112821e-01
5.420090116040605643e-01
6.021323894785259867e-01
6.629428765295556358e-01
6.255286941227937714e-01
5.815796051757154972e-01
6.271906125394578480e-01
6.384356138941214009e-01
6.209890316770407814e-01
6.616791645568951274e-01
6.498908677283580237e-01
6.648188766126587046e-01
6.753836672244872830e-01
6.750583335997842882e-01
6.902754914376758588e-01
6.869249285663148186e-01
7.040219162782547224e-01
6.989868158771778139e-01
7.137059619729141380e-01
7.129322730214134873e-01
7.236832933666861312e-01
7.250366060734448892e-01
7.337520834455949492e-01
7.412507106904006049e-01
7.456415053109113344e-01
7.565808085945400219e-01
7.518374238627254513e-01
7.495904339574278596e-01
7.444343692822353864e-01
7.705973879446029740e-01
7.997396359896330464e-01
7.859580629135403118e-01
7.628862508741380832e-01
7.765463769491703916e-01
7.969344166927999629e-01
7.818690684040895400e-01
7.938349409211005181e-01
8.075079464357232117e-01
7.951277327556355301e-01
8.124589571902327556e-01
8.090003310974266393e-01
8.118712269350758515e-01
8.191166458720525734e-01
8.155615551810464492e-01
8.252840697684635796e-01
8.211308833953373520e-01
8.312056788296681153e-01
8.257196859616174889e-01
8.367542171142728913e-01
8.321530475739652433e-01
8.402858942294428868e-01
8.403710926646670298e-01
8.482944297870593786e-01
8.440000504672403592e-01
8.465647040330996909e-01
8.411517541181493529e-01
8.571206747892048394e-01
8.683717663131950149e-01
8.652927728487094239e-01
8.474304376046789544e-01
8.566345428918383798e-01
8.690397811652095239e-01
8.607077607870859959e-01
8.658169157263249094e-01
8.747595933157965575e-01
8.700154640207826695e-01
8.729753716281165588e-01
8.800704667389649405e-01
8.729823976340922442e-01
8.813299843368113118e-01
8.801941473077906641e-01
8.799805354721682571e-01
8.858578237955171408e-01
8.824193506890688488e-01
8.886672854686565870e-01
8.861722078954321624e-01
8.911625528511888383e-01
8.898938006954263402e-01
8.944530054041479605e-01
8.941937042740613073e-01
8.969274948533151326e-01
8.926759904429016901e-01
8.945495481838077190e-01
9.021416375263331400e-01
9.089243077256591308e-01
9.058108033024855343e-01
8.966093761114634075e-01
8.992092831510941631e-01
9.096641315183333631e-01
9.046325836764822492e-01
9.055491335914960249e-01
9.126999709973125929e-01
9.112620261739121652e-01
9.087856688380151482e-01
9.173141764828424138e-01
9.105625288889549473e-01
9.150315151868128050e-01
9.169156416644443919e-01
9.135480447400474713e-01
9.192525303267997661e-01
9.172193273729514207e-01
9.189701262111668045e-01
9.208523976098568209e-01
9.202413873497768959e-01
9.232308625485845521e-01
9.225473039160013711e-01
9.259296717259131171e-01
9.233740013649018863e-01
9.243230930449987115e-01
9.231977382498154361e-01
9.290962659869125284e-01
9.344287372376735012e-01
9.299113390857098871e-01
9.254046247954152982e-01
9.259263349267794485e-01
9.344923210989473095e-01
9.300045160111318765e-01
9.310478095628754724e-01
9.355458604314897952e-01
9.355098130643718646e-01
9.326100174734920367e-01
9.380149744292372027e-01
9.354190451299644327e-01
9.356405600425236058e-01
9.383109803831749529e-01
9.369116024103141260e-01
9.380077233750605536e-01
9.399629584472209975e-01
9.385291031767819536e-01
9.410350390400371579e-01
9.409578949061426778e-01
9.412105737648365222e-01
9.438972282311621775e-01
9.419416443461129385e-01
9.449241007572611872e-01
9.402123269895166224e-01
9.439486823046885355e-01
9.462788113548593616e-01
9.490511917525716878e-01
9.479229772507198337e-01
9.418921291151206576e-01
9.454840526317119798e-01
9.479849784027634119e-01
9.489820406896496419e-01
9.459761333403571282e-01
9.513954497761114570e-01
9.504800835330349251e-01
9.491160561615704649e-01
9.509810745652265140e-01
9.519305829503610372e-01
